Epoch	AverageEpRet	StdEpRet	MaxEpRet	MinEpRet	EpLen	AverageVVals	StdVVals	MaxVVals	MinVVals	TotalEnvInteracts	LossPi	LossV	DeltaLossPi	DeltaLossV	Entropy	KL	ClipFrac	StopIter	Time
0	-245.57481	143.96136	17.1964	-518.7916	107.28261	0.009675211	0.14850606	0.32964778	-0.8034326	5000	-5.1879884e-08	20575.97	-0.0134688625	-4353.2637	1.342817	0.013486398	0.1	79.0	5.4209372997283936
1	-176.89119	124.12706	-6.2851815	-582.4361	115.83721	-17.008465	5.176232	-11.036609	-49.34576	10000	0.0	8871.434	-0.015269311	-5445.108	1.3321079	0.015647074	0.092	33.0	10.724886894226074
2	-135.39256	89.33886	13.775488	-347.71237	114.441864	-72.28552	10.946183	-27.818361	-208.53319	15000	-3.051758e-08	2738.379	-0.0212092	-438.38135	1.3097031	0.009122189	0.1262	79.0	15.818763017654419
3	-137.11154	95.565636	9.175975	-433.66385	134.72974	-66.828186	9.082076	-41.11295	-134.08287	20000	-1.8310548e-08	2956.8276	-0.01722779	-429.37158	1.2921702	0.010228003	0.1186	79.0	20.874269008636475
4	-101.39714	91.86514	4.6034093	-356.79626	144.17647	-66.872475	12.339931	-34.6245	-173.74362	25000	-9.155274e-09	2301.75	-0.010356817	-574.95105	1.2767634	0.017703187	0.1986	15.0	25.33595323562622
5	-111.42145	73.86451	11.702712	-264.8367	159.25807	-43.213432	11.2610655	-21.980064	-182.9446	30000	6.1035155e-09	1478.9916	-0.01619703	-88.89636	1.2443376	0.014913	0.2122	36.0	30.041982650756836
6	-148.70995	134.35896	24.780088	-437.1275	193.76	-48.815453	14.803207	-26.762403	-209.4527	35000	2.4414062e-08	3227.5964	-0.020807836	-417.88574	1.1907436	0.010682826	0.1454	79.0	35.1312780380249
7	-81.89389	92.109825	34.94844	-286.0031	205.16667	-55.23865	17.286358	-21.503803	-263.19235	40000	1.373291e-08	2685.5413	-0.016222473	-753.7351	1.1822124	0.009138662	0.1218	79.0	40.3043999671936
8	-69.86213	64.53326	42.609352	-195.7358	226.0	-37.643486	22.506617	-13.22477	-235.50726	45000	1.2207031e-08	1985.3204	-0.01996731	-627.39307	1.1894858	0.014490573	0.1714	79.0	46.246867418289185
9	-21.789255	73.44076	69.76818	-157.85924	624.125	-27.012419	10.540213	-9.650779	-85.97228	50000	1.2207031e-08	1363.8647	-0.017737795	-537.7983	1.2629768	0.009984205	0.1444	79.0	55.9782338142395
10	1.6352162	52.492027	78.456635	-117.17299	537.8889	-7.4475284	3.9307928	-2.0615258	-37.339493	55000	-1.2207031e-08	920.6404	-0.01792016	-163.4555	1.206273	0.010222292	0.1364	79.0	66.73847508430481
11	-27.71048	66.710915	79.89969	-129.3381	514.875	-3.3484094	7.7127333	5.9217706	-49.954082	60000	-3.0517577e-09	834.48816	-0.017344583	-79.62677	1.1678622	0.0065655485	0.0868	79.0	77.20889735221863
12	-0.8214553	43.706333	69.9486	-73.96069	743.0	-5.7817807	8.743194	5.6879096	-44.510685	65000	-8.010864e-09	457.509	-0.014016435	-48.353943	1.1544846	0.0038325668	0.0918	79.0	87.44380474090576
13	55.00471	63.119625	136.18257	-55.854805	804.6667	-0.6703992	9.340053	14.585553	-41.07782	70000	-6.1035155e-09	335.20145	-0.013479021	-25.209534	1.1619549	0.01261762	0.109	79.0	97.4863715171814
14	9.992966	108.66426	122.599945	-187.14304	815.6	1.8363861	11.194135	22.483583	-33.93837	75000	-3.967285e-08	520.7608	-0.011649591	-95.33609	1.1449447	0.0073005296	0.0724	79.0	106.22457122802734
15	59.920025	63.63576	123.42093	-61.154095	892.4	5.0128837	8.271872	20.737848	-27.636135	80000	6.1035155e-09	226.49174	-0.013471295	-10.505066	1.1279081	0.007246468	0.089	79.0	116.631502866745
16	89.52822	27.633766	137.51085	57.578632	1000.0	4.216715	7.6467443	20.464237	-19.590181	85000	2.1362304e-08	175.15826	-0.012573911	-24.978851	1.1199871	0.013380844	0.1052	79.0	126.97020053863525
17	81.11061	40.24293	126.32177	23.485722	1000.0	4.2983694	9.805416	25.083124	-18.748228	90000	6.1035155e-09	145.28568	-0.011119507	-14.57692	1.0836998	0.006136359	0.0938	79.0	137.05083012580872
18	52.537933	102.07705	139.41849	-142.9704	918.2	8.101845	8.136259	27.487797	-13.064495	95000	-1.525879e-08	385.11417	-0.013437909	-57.11606	1.0645055	0.009770646	0.1018	79.0	147.174418926239
19	43.305386	54.336876	110.82956	-54.572956	934.8	4.017713	3.6208584	18.469336	-14.679267	100000	-9.155274e-09	215.131	-0.010724465	-30.33554	1.01001	0.004814803	0.0414	79.0	156.4145860671997
20	-11.768169	51.242874	46.428196	-90.53952	867.0	6.092765	4.412541	24.610641	-13.802318	105000	-1.8310548e-08	412.72437	-0.011829828	-108.3988	1.0046643	0.0042726723	0.0506	79.0	165.53924584388733
21	28.93814	28.775766	84.46631	0.6643189	1000.0	-1.4542472	1.636514	6.176883	-17.763765	110000	6.1035155e-09	109.53248	-0.010904319	-18.500877	1.0185658	0.005910726	0.0888	79.0	175.87678408622742
22	19.44244	56.247494	81.22484	-58.64343	945.8	0.13345689	3.9685802	12.720029	-13.479096	115000	1.5258789e-09	204.69693	-0.013088713	-19.630173	0.98354787	0.008689347	0.0682	79.0	186.11320042610168
23	8.500892	20.560135	35.000137	-22.53027	1000.0	0.31421655	1.9539791	14.481119	-10.260727	120000	-1.6021728e-08	96.9681	-0.007164146	-7.9184036	0.967724	0.001486801	0.0338	79.0	196.5463366508484
24	30.853535	38.1466	80.913864	-21.350334	1000.0	0.075812936	2.6717362	16.015575	-11.235274	125000	0.0	110.739174	-0.008798437	-12.018356	0.96563435	0.0026182693	0.037	79.0	209.4009828567505
25	9.732703	38.06873	76.57652	-37.354313	1000.0	0.9281707	2.8749804	20.22665	-4.794112	130000	-1.449585e-08	94.451866	-0.008676796	-20.39347	0.94447815	0.0077335616	0.0748	79.0	221.96892476081848
26	-11.417847	23.75858	30.944605	-40.03295	1000.0	-1.8064549	4.1918344	18.653206	-11.854478	135000	0.0	80.9413	-0.008096423	-24.746288	0.9204254	0.0070496323	0.0464	79.0	232.71600699424744
27	-47.814323	90.74916	63.98571	-209.2492	991.4	-2.7293823	4.8618526	22.182968	-26.440355	140000	0.0	418.1283	-0.013482208	-152.05295	0.9216	0.004467443	0.0452	79.0	243.12090635299683
28	-14.752423	20.074638	13.251955	-41.85139	1000.0	-9.032127	9.18645	22.507734	-35.582836	145000	2.0980835e-09	128.69589	-0.010961028	-70.4901	0.952167	0.007441835	0.0986	79.0	256.2466080188751
29	-30.05956	23.541117	-4.691657	-69.30632	1000.0	-1.9101187	4.578664	20.493183	-7.8996964	150000	-2.4032593e-08	35.51289	-0.0059863804	-9.074789	0.9254074	0.0053658285	0.0566	79.0	267.74393820762634
30	-20.865711	16.346308	8.365651	-33.76914	1000.0	-3.4284263	5.9432373	21.181551	-11.100079	155000	6.1035155e-09	33.767174	-0.009609826	-6.295084	0.9126581	0.013734576	0.0796	79.0	278.54079270362854
31	-20.269047	20.863049	7.248854	-55.64146	1000.0	-4.2822285	6.6156316	41.069603	-10.373012	160000	6.1035155e-09	26.176859	-0.006257544	-4.1888847	0.8992281	0.0048714736	0.045	79.0	289.78047800064087
32	-22.632427	17.965391	6.289753	-49.957035	1000.0	-4.4324985	6.938155	40.50059	-12.301583	165000	-4.386902e-09	27.496738	-0.008373511	-4.036928	0.89558905	0.0065181153	0.054	79.0	299.3548665046692
33	-22.121046	10.799897	-8.094617	-38.03915	1000.0	-5.0581183	7.8166323	51.97071	-14.907966	170000	2.4795532e-09	21.836231	-0.006947236	-1.9889469	0.8811258	0.0050228317	0.0428	79.0	310.0933289527893
34	-29.66037	24.551989	12.82118	-56.188572	1000.0	-4.310075	7.240924	46.134476	-13.593494	175000	2.4414062e-08	20.349495	-0.007100781	-2.8148613	0.8618768	0.0030421265	0.0444	79.0	321.96190333366394
35	-16.708996	18.692724	8.3267975	-43.99301	1000.0	-5.1921477	8.766355	59.83862	-13.27274	180000	-7.629395e-09	22.127779	-0.0071544014	-3.7981358	0.8339535	0.006802485	0.0436	79.0	333.0239768028259
36	-37.513275	16.678219	-18.95718	-68.23328	1000.0	-4.137837	6.1584063	29.3094	-10.577565	185000	-4.386902e-09	17.592497	-0.0061451634	-3.7666721	0.84893465	0.001545761	0.0378	79.0	343.4672245979309
37	-34.73945	20.027172	-2.987875	-60.763493	1000.0	-5.015936	8.9607115	53.420963	-16.10006	190000	-7.629395e-09	17.883978	-0.0074613527	-2.6065855	0.84282255	0.0017103961	0.0492	79.0	353.7475428581238
38	-35.87622	7.9216547	-23.48686	-44.27349	1000.0	-6.741753	8.952398	45.45997	-14.265712	195000	1.2207031e-08	19.198427	-0.009645192	-4.7594175	0.83879817	0.010589019	0.0708	79.0	364.5410101413727
39	-48.023518	9.878134	-37.654972	-63.72445	1000.0	-6.3392944	8.537978	43.784332	-14.518474	200000	-7.629395e-09	18.414322	-0.00563333	-3.2747316	0.8409514	0.005007476	0.025	79.0	375.85155057907104
40	-30.14919	9.307602	-13.289755	-38.939613	1000.0	-4.8396506	10.071384	61.832462	-14.600415	205000	-4.2724608e-08	32.794	-0.008261087	-10.354622	0.83445036	0.008030104	0.0628	79.0	387.43747901916504
41	-44.016716	12.372195	-24.35376	-59.65357	1000.0	-5.7396183	9.200624	52.50447	-14.257697	210000	-5.722046e-09	23.196821	-0.008469913	-3.7015896	0.8261806	0.004548729	0.0546	79.0	398.17518043518066
42	-41.32729	7.1822324	-30.166178	-51.83501	1000.0	-6.505934	9.682884	53.94762	-14.734276	215000	-6.1035155e-09	24.442995	-0.008378642	-3.9912262	0.8369613	0.0054619103	0.056	79.0	409.23131370544434
43	-25.370655	11.3644	-13.285	-46.713726	1000.0	-5.135715	7.4702716	31.788898	-14.475099	220000	-9.536744e-10	17.72134	-0.0064588934	-2.382928	0.84748477	0.0067102388	0.0506	79.0	420.96679735183716
44	-27.363602	24.631693	7.9949837	-56.751354	1000.0	-4.5903006	7.1628394	30.7605	-13.062155	225000	-2.4414062e-08	20.789196	-0.0075380984	-3.126152	0.83846164	0.0037003795	0.0518	79.0	432.8234791755676
45	-94.80467	49.254128	-35.2127	-154.71724	975.4	-4.158847	9.627149	62.33102	-14.158487	230000	-1.3542175e-08	312.38376	-0.011544981	-139.83124	0.8310746	0.005000743	0.068	79.0	443.7316195964813
46	-7.0384	38.46143	58.678432	-61.103485	1000.0	-10.806676	11.15011	35.955605	-36.663364	235000	-4.577637e-09	246.82118	-0.010229944	-213.01428	0.8284176	0.005135051	0.0462	79.0	455.69218134880066
47	-43.29151	57.40924	23.353184	-144.30261	969.6	-3.1295269	8.257995	44.147507	-16.848114	240000	-1.8310548e-08	158.45157	-0.010258001	-41.206947	0.8097796	0.004180332	0.0394	79.0	466.4900703430176
48	-83.78037	74.488556	34.854332	-149.89983	849.8	-5.9951463	10.742203	75.87459	-43.1507	245000	-3.6621095e-08	403.9766	-0.006160846	-126.65329	0.78079236	0.0027678225	0.022	79.0	477.08806133270264
49	-27.94083	19.475737	-1.252	-47.964985	1000.0	-11.078227	14.411682	62.010242	-47.9673	250000	1.8310548e-08	117.743225	-0.007683539	-94.27475	0.8340792	0.008374057	0.0602	79.0	489.82297444343567
50	-57.70046	11.197609	-35.727234	-67.20309	1000.0	-6.47266	9.01894	55.893517	-52.303288	255000	-1.5258789e-09	39.71113	-0.010150664	-18.637321	0.81109446	0.009194824	0.0632	79.0	500.8836998939514
51	-30.87862	41.26513	16.293373	-100.23787	1000.0	-4.19704	8.929739	49.707016	-21.09571	260000	-1.2207031e-08	35.696716	-0.011034578	-14.574305	0.83453655	0.004747448	0.053	79.0	512.5101823806763
52	-44.072323	22.301874	-6.659171	-76.459	1000.0	-7.472492	9.553828	55.947376	-18.521568	265000	7.6293943e-10	17.098158	-0.00557661	-2.929716	0.82580197	0.0039878283	0.0506	79.0	523.6405329704285
53	41.61028	9.363164	52.539066	28.838623	1000.0	3.3950953	11.522919	36.853157	-12.167644	270000	-4.577637e-09	139.30193	-0.014538261	-116.77383	0.8089339	0.015171708	0.0804	69.0	535.3756382465363
54	1.2267891	43.439304	56.080807	-52.444977	1000.0	-1.1714708	7.3995523	27.277145	-23.377613	275000	-9.155274e-09	46.287285	-0.00895396	-10.837566	0.81417483	0.009150847	0.0804	79.0	545.7659115791321
55	-62.59939	36.809765	-3.208675	-111.48541	986.0	-4.964941	11.451225	51.817844	-24.30573	280000	3.0517577e-09	237.9463	-0.014669538	-149.07355	0.82707167	0.0056895423	0.0468	79.0	555.6360721588135
56	18.500683	46.10732	77.09233	-64.70032	1000.0	-5.61374	12.013117	70.03456	-27.162752	285000	1.373291e-08	113.29675	-0.010218559	-79.93474	0.8189901	0.007681459	0.077	79.0	567.3782150745392
57	-2.2269425	70.32388	114.227264	-77.91162	959.6	-3.0040753	10.333476	47.85411	-21.926218	290000	6.1035155e-09	191.39185	-0.0070116944	-104.708435	0.7875154	0.0070956307	0.0622	79.0	578.0561189651489
58	27.05572	14.185454	51.001335	9.445425	978.8	1.5276	8.008293	34.27715	-12.84367	295000	3.0517577e-09	162.7359	-0.0068685855	-100.06537	0.7846935	0.007828036	0.0798	79.0	589.9067413806915
59	33.96529	51.713043	119.47459	-21.948864	986.4	1.0395504	6.296623	38.229263	-9.047077	300000	-2.4414062e-08	110.5531	-0.008010792	-47.69679	0.7880406	0.008309023	0.0336	79.0	599.7209761142731
60	38.194412	37.474976	80.407234	-16.056355	969.8	11.989226	15.381063	89.22298	-7.8109813	305000	3.051758e-08	272.93988	-0.010411713	-217.98721	0.78586	0.012493067	0.116	79.0	609.9962818622589
61	54.46505	26.511728	93.571754	23.245316	975.8	0.32304177	8.782758	43.563133	-19.254868	310000	-7.629395e-09	52.985844	-0.009078444	-24.01307	0.8094255	0.010087037	0.0894	79.0	621.4860556125641
62	25.991339	31.94233	72.61997	-15.289109	1000.0	0.7857879	15.410524	83.83498	-37.54029	315000	2.6416778e-08	200.24045	-0.011307488	-173.68643	0.80494845	0.010558793	0.0914	79.0	631.2471632957458
63	21.128677	60.812794	102.82233	-60.917343	844.0	3.8686774	13.135466	71.20171	-17.090014	320000	9.155274e-09	317.9743	-0.007727417	-154.01445	0.77338326	0.0062754177	0.053	79.0	640.7666158676147
64	-7.6313057	75.41811	88.13891	-122.48574	892.4	1.519383	10.190284	46.668262	-30.495892	325000	1.8310548e-08	305.2879	-0.009861707	-95.0647	0.81790185	0.009350806	0.1012	79.0	649.7587354183197
65	42.83345	115.3399	141.32802	-146.92532	782.3333	-2.8726585	12.539334	39.870575	-39.84532	330000	-3.900528e-08	555.1183	-0.007972625	-323.65942	0.7637197	0.011322872	0.0692	79.0	658.4501864910126
66	26.003784	68.56696	112.668785	-72.61014	725.3333	2.9167373	13.09298	55.451683	-46.73439	335000	2.2888184e-08	221.551	-0.00986806	-151.41412	0.8093515	0.009382036	0.0754	79.0	667.7600317001343
67	37.650673	57.114063	110.61725	-29.188152	914.8	-1.3730261	15.620725	70.82436	-56.54379	340000	-2.0980835e-09	137.26602	-0.010163683	-90.09033	0.79498005	0.0056269257	0.0852	79.0	677.5497968196869
68	57.117393	35.74284	124.90303	25.53534	939.0	6.4937267	14.301379	109.23956	-10.612104	345000	3.1948089e-09	219.19064	-0.0099750925	-124.90559	0.79566574	0.007373362	0.061	79.0	687.5163941383362
69	81.70711	17.60505	112.23413	62.244358	1000.0	2.94492	9.352093	61.013306	-20.66738	350000	-7.629395e-09	21.607513	-0.011169635	-12.405605	0.85000193	0.011330343	0.0772	79.0	697.7430095672607
70	59.925964	46.382847	140.30118	1.7105131	978.0	4.5149946	6.9973297	34.65839	-12.96999	355000	3.0517577e-09	95.75311	-0.006605951	-41.821037	0.8104906	0.0077311876	0.0482	79.0	709.4429125785828
71	46.48982	59.282116	133.40204	-49.255707	913.6	3.9318454	14.7054615	94.34521	-18.849407	360000	-1.2207031e-08	170.20451	-0.007045453	-59.24009	0.7718918	0.0048685716	0.0314	79.0	719.4173154830933
72	15.570317	71.78359	113.72619	-72.115005	841.4	-1.0988975	15.397171	68.474846	-32.844574	365000	-1.5258789e-09	251.37425	-0.0075901267	-90.30916	0.81048274	0.005174465	0.079	79.0	730.4231967926025
73	90.309135	38.16093	147.57278	49.88998	891.4	2.3165557	11.637858	88.697044	-16.597834	370000	-3.051758e-08	174.98682	-0.008602386	-121.37413	0.79238534	0.013442343	0.0928	79.0	740.3227114677429
74	73.05298	51.817398	153.91129	-4.8541293	981.0	6.262391	11.308562	80.53367	-13.191631	375000	3.6621095e-08	81.13446	-0.0070721866	-31.975632	0.8051426	0.008368482	0.0762	79.0	750.9406821727753
75	85.16731	42.15081	155.36018	33.74028	941.6	4.651999	12.854704	82.20009	-13.875826	380000	1.2207031e-08	79.99597	-0.0076675904	-26.93621	0.7731019	0.007875924	0.0512	79.0	760.7164478302002
76	84.079285	49.172794	161.13141	37.27854	960.0	7.2673907	10.538962	59.066086	-8.73535	385000	1.2207031e-08	114.8487	-0.005180371	-49.328415	0.7361448	0.0058939573	0.0672	79.0	774.0378561019897
77	78.98376	77.547195	188.38795	-57.25985	787.8333	8.459546	10.608246	73.35669	-19.566153	390000	5.493164e-08	280.8779	-0.009703448	-199.16907	0.7477305	0.0069557023	0.0648	79.0	783.2956781387329
78	76.91659	69.43183	152.07361	-33.56013	874.8	5.1606154	21.691975	100.82514	-29.554731	395000	-1.2588501e-08	271.3845	-0.011011876	-191.63184	0.745047	0.009591316	0.0658	79.0	792.8011021614075
79	84.707886	30.585485	121.69149	47.14855	973.8	5.00945	15.976201	126.88888	-24.254654	400000	0.0	68.8632	-0.008541922	-35.1091	0.7953528	0.0030317297	0.0602	79.0	802.2625975608826
80	71.834785	41.152008	136.7146	26.861595	869.0	5.284527	11.538235	62.925026	-18.348476	405000	0.0	86.62894	-0.008940112	-43.577393	0.778031	0.007748761	0.0804	79.0	811.9866855144501
81	102.7615	80.76168	179.67162	-43.450928	789.5	8.847356	15.530859	79.44683	-25.809515	410000	3.051758e-08	453.5575	-0.007111554	-364.65115	0.7809122	0.015113107	0.0742	66.0	820.0335111618042
82	60.245197	77.43936	144.08505	-38.674767	805.6	-4.771276	23.873037	83.88663	-54.03974	415000	7.6293944e-08	371.06177	-0.00785108	-287.52277	0.815038	0.009494442	0.0702	79.0	830.5004353523254
83	90.44005	47.318893	166.77979	46.724163	876.4	2.6898842	14.585809	77.098015	-20.071398	420000	-6.1035155e-09	98.854324	-0.007950311	-52.08449	0.8121296	0.005659868	0.0728	79.0	840.3884880542755
84	92.52126	30.272936	139.37862	54.184746	928.4	10.564779	12.749724	91.404	-5.97316	425000	-1.8310548e-08	80.09261	-0.009440246	-53.179558	0.7905628	0.0085326005	0.0734	79.0	848.9356508255005
85	40.293526	84.9618	120.78676	-122.27383	849.8	6.36607	14.250147	103.684845	-14.245395	430000	6.1035155e-09	433.8753	-0.010191327	-400.08633	0.8223892	0.0059932335	0.0354	79.0	858.0836956501007
86	88.540855	85.18227	173.90158	-78.934	777.0	10.392027	16.54774	142.0658	-13.149143	435000	0.0	486.7417	-0.008294803	-201.3706	0.7305602	0.013498099	0.1	79.0	865.9271054267883
87	71.694084	58.15384	142.2086	-8.025759	943.0	5.378106	16.6792	98.02836	-58.353344	440000	-6.1035155e-09	128.38162	-0.012172344	-98.18839	0.7372004	0.016572855	0.0978	33.0	874.5156462192535
88	35.106762	25.801676	65.94171	-7.2581367	893.2	4.404812	8.878489	69.79841	-39.65809	445000	-1.8310548e-08	120.820076	-0.0060811006	-42.132515	0.8306856	0.0036075157	0.0364	79.0	884.067319393158
89	49.815483	34.74833	95.84603	1.3534827	986.6	6.378896	26.698137	172.00711	-36.388664	450000	2.9754638e-08	304.68256	-0.018233474	-286.89377	0.7361915	0.01712599	0.0892	55.0	893.7873682975769
90	56.96946	13.974421	79.27861	36.88925	1000.0	2.5378313	8.399639	49.72762	-18.727724	455000	-9.155274e-09	21.312897	-0.010625621	-7.6370125	0.8230684	0.008471782	0.0714	79.0	904.9704875946045
91	72.3721	95.07955	178.1513	-93.35604	819.6	5.7448993	8.126247	45.59443	-9.210839	460000	-5.722046e-09	289.14523	-0.008890988	-149.36664	0.7718791	0.016950125	0.1584	71.0	914.1481766700745
92	25.546255	39.849064	63.59422	-51.64562	1000.0	0.46645546	10.352394	63.322655	-28.333025	465000	0.0	64.63366	-0.0145705715	-42.361195	0.826925	0.014613613	0.157	79.0	924.9760463237762
93	70.50609	73.51248	187.02103	-43.20331	877.8	5.0785556	7.7060947	40.227165	-10.177111	470000	-3.6621095e-08	267.1278	-0.010703003	-75.04628	0.814396	0.010272761	0.104	79.0	934.174596786499
94	44.20184	117.1109	165.83385	-179.01637	877.4	4.0991755	17.307362	88.96948	-96.22403	475000	6.1035155e-09	222.10655	-0.006599014	-140.30066	0.79166925	0.0024690432	0.0534	79.0	943.2821552753448
95	44.36967	65.294075	125.973976	-48.921574	934.4	4.044559	13.442629	82.80203	-26.338974	480000	1.2207031e-08	163.79776	-0.008010076	-80.68838	0.77343935	0.007309261	0.075	79.0	952.3265752792358
96	146.07237	52.76872	204.38321	54.440506	807.1667	11.302862	14.226615	81.60919	-11.066248	485000	2.4414062e-08	243.03328	-0.0064353696	-93.056076	0.72234094	0.004736841	0.0504	79.0	960.7232129573822
97	118.38235	25.999083	148.19376	74.91775	844.2	14.167019	13.4965105	84.344376	-11.147816	490000	9.155274e-09	125.9762	-0.010073661	-70.70201	0.6889028	0.019687522	0.0594	22.0	970.0226533412933
98	117.97939	92.83418	222.68808	2.4709334	782.3333	10.517133	12.591069	75.03125	-11.904811	495000	2.1362304e-08	198.10988	-0.00880065	-97.58481	0.72510266	0.011322262	0.1034	79.0	979.3702592849731
99	76.28202	84.99195	185.07814	-76.576004	883.4	16.991869	20.887638	130.38971	-13.589493	500000	-4.577637e-09	617.8716	-0.007657405	-442.15173	0.7710132	0.0033611592	0.042	79.0	988.4146628379822
100	113.9665	56.666943	185.64311	50.385475	779.1667	2.3474116	15.214453	98.223076	-39.157436	505000	0.0	302.2958	-0.0054424745	-146.75157	0.7661772	0.017042933	0.1144	19.0	998.6056797504425
101	64.054825	38.71797	127.099754	19.031906	1000.0	6.340013	9.532807	54.313465	-22.704535	510000	-2.746582e-08	50.140053	-0.008967115	-22.379093	0.74535525	0.0033313415	0.095	79.0	1007.6547341346741
102	95.97103	103.08956	189.19493	-110.32125	745.3333	9.583253	13.50204	96.06145	-19.15842	515000	-3.6621095e-08	382.12164	-0.007413391	-217.48071	0.7438876	0.010348103	0.0908	79.0	1015.9866523742676
103	104.632965	49.915833	195.4588	56.30999	830.0	16.836412	20.958014	115.99344	-10.806483	520000	2.9754638e-08	240.2639	-0.008943759	-164.03015	0.6931198	0.01147948	0.1102	79.0	1025.3752739429474
104	132.0341	58.671448	212.0215	71.44671	762.8333	6.6928625	14.133796	103.4403	-25.902874	525000	3.051758e-08	259.68124	-0.005496823	-161.09518	0.71876764	0.014359146	0.1412	79.0	1034.0129897594452
105	139.82642	57.827282	226.99577	66.81247	812.4	15.706514	17.126223	164.66115	-5.4577346	530000	8.392334e-09	115.24446	-0.008958075	-26.89975	0.70898247	0.010645286	0.1164	79.0	1042.7781627178192
106	123.171585	44.08431	186.07996	74.37349	850.8	11.469197	15.465618	103.73842	-8.926402	535000	-3.0517577e-09	93.85182	-0.007860521	-54.981808	0.7076394	0.0075348723	0.0558	79.0	1052.0474269390106
107	149.46971	51.79091	230.38747	88.80784	758.1667	14.885999	17.620148	147.20209	-6.446583	540000	1.6975402e-08	97.35421	-0.010152644	-32.351707	0.6746501	0.0061167413	0.0628	79.0	1060.36341547966
108	99.076515	30.250374	154.32756	70.742424	916.8	13.414437	12.826455	74.85281	-4.03798	545000	-1.2207031e-08	99.57807	-0.0082831085	-64.92752	0.73639613	0.004586666	0.0794	79.0	1069.138182401657
109	99.29875	39.04839	176.73573	71.59794	905.2	10.566568	12.77668	87.02397	-7.481312	550000	-1.8310548e-08	90.53399	-0.007216095	-41.562294	0.75114685	0.0059537767	0.0546	79.0	1078.5875973701477
110	145.92197	41.89673	206.02762	78.79509	751.6667	19.894419	16.782913	171.16339	-0.21885929	555000	0.0	200.79546	-0.0077233855	-132.78746	0.6201119	0.015420393	0.1162	60.0	1087.0529050827026
111	155.87085	51.090435	230.28275	71.17223	681.0	15.252541	20.741955	183.25414	-17.173035	560000	3.0517577e-09	215.43547	-0.005828809	-69.750916	0.6691455	0.008388247	0.0744	79.0	1095.7797617912292
112	81.61183	80.48893	211.6199	-41.2341	840.2	13.871407	13.368904	101.316246	-6.3052545	565000	-1.2207031e-08	373.4691	-0.007638801	-214.04993	0.6651814	0.00547195	0.06	79.0	1104.5267474651337
113	127.44043	37.595097	175.00586	69.521454	915.2	4.6457043	24.45827	165.87561	-88.53575	570000	-9.155274e-09	775.7322	-0.005975198	-682.0926	0.57643145	0.0044898177	0.088	79.0	1113.4317276477814
114	96.97089	78.82034	192.80107	-57.50288	667.1667	14.6349125	32.31133	286.9653	-19.97986	575000	1.8310548e-08	1000.8999	-0.008680183	-826.2055	0.66044337	0.0028963094	0.017	79.0	1122.180536031723
115	118.37063	22.986256	144.16174	81.84848	1000.0	6.48865	10.662935	42.94862	-20.932425	580000	6.1035155e-09	67.9898	-0.008188636	-54.84756	0.66545963	0.00778861	0.0494	79.0	1131.7307686805725
116	118.85178	25.187511	160.06146	80.741554	907.8	10.589978	12.246357	47.571552	-6.7887917	585000	1.525879e-08	45.634174	-0.0056017395	-25.028952	0.74726933	0.00761828	0.0478	79.0	1141.5479850769043
117	131.00911	73.442986	222.53261	-1.3087204	673.2857	15.727591	14.426157	73.38594	-23.048847	590000	-3.0517577e-09	401.63974	-0.0063673793	-182.0727	0.62568504	0.01074358	0.1094	79.0	1151.664992570877
118	140.80353	34.315964	204.745	103.13361	773.6667	8.630546	17.3041	59.315926	-57.6514	595000	1.2207031e-08	251.19885	-0.0068968507	-169.39503	0.6774658	0.008096959	0.0546	79.0	1159.417850971222
119	101.64657	16.359377	132.0243	84.881096	1000.0	14.235768	13.127298	57.216415	-0.3710371	600000	-1.2207031e-08	122.090775	-0.009320386	-110.39259	0.7502708	0.007750699	0.0614	79.0	1168.8547084331512
120	114.57273	44.878067	202.77982	83.13282	955.6	9.665983	12.6543255	78.8278	-8.040273	605000	0.0	67.95118	-0.006949768	-13.9137535	0.69213057	0.009587903	0.0782	79.0	1177.7840569019318
121	138.81186	39.969128	198.45053	83.81269	802.2	13.8963	27.145689	172.8302	-8.087891	610000	-3.6621095e-08	388.942	-0.0027416565	-260.36737	0.6827357	0.0179991	0.3616	6.0	1185.970067024231
122	140.5756	56.107582	196.8371	70.99674	776.1667	14.225175	11.215901	63.430862	-15.97971	615000	-3.6621095e-08	352.8195	-0.0059629944	-170.20721	0.65244323	0.009588121	0.1244	79.0	1194.5077862739563
123	66.72787	7.325865	77.86367	59.38925	1000.0	11.336892	11.893557	53.073673	-4.447767	620000	5.1879884e-08	86.54496	-0.012180216	-71.02823	0.6738704	0.0098800035	0.0746	79.0	1204.85493350029
124	107.86156	30.016481	158.05875	71.66189	1000.0	5.6738267	15.207088	84.64731	-8.994071	625000	0.0	16.965218	-0.010874405	-8.553077	0.721091	0.009871798	0.0902	79.0	1213.9285156726837
125	75.100655	93.96484	166.76587	-116.17959	774.8333	14.587167	15.8243685	101.14422	-6.4621634	630000	3.6621095e-08	821.3388	-0.010768542	-620.2274	0.6541936	0.0057543977	0.0756	79.0	1221.7168781757355
126	167.67749	59.15231	225.75342	54.962055	664.7143	14.887144	14.159279	91.11697	-19.771301	635000	-9.155274e-09	347.8326	-0.0052629025	-225.3948	0.6414764	0.012580167	0.1298	79.0	1229.7770857810974
127	117.2501	40.322273	187.32501	68.54049	910.8	17.416971	13.73173	82.57533	-1.559714	640000	2.4414062e-08	143.88008	-0.008648376	-86.20382	0.66992235	0.01604389	0.0606	40.0	1238.3553547859192
128	113.50105	40.316925	182.90428	61.46012	904.8	8.736062	12.68301	53.914547	-8.971713	645000	-3.0517577e-09	57.092957	-0.0072501646	-19.451717	0.7862533	0.007409073	0.131	79.0	1247.5909094810486
129	116.66979	75.771095	218.98772	-23.58844	705.0	18.738176	16.491367	97.55054	-3.6559792	650000	9.155274e-09	380.60556	-0.006284543	-165.84161	0.64947516	0.007088791	0.0666	79.0	1255.903801202774
130	174.63327	48.04314	221.92769	94.39605	647.7143	17.262691	14.225875	119.03484	-16.01538	655000	-3.0517577e-09	391.23486	-0.0056898696	-319.73328	0.6944616	0.009381014	0.0722	79.0	1263.3489203453064
131	171.07323	50.29032	223.84793	92.44115	640.8571	25.23022	22.249575	174.01991	-8.416508	660000	2.5939942e-08	563.3996	-0.006116646	-319.6317	0.6720818	0.0028942188	0.0604	79.0	1271.8115890026093
132	151.16805	40.99181	200.00659	89.7784	838.6	20.25156	11.997536	83.45367	1.444182	665000	3.0517577e-09	223.5003	-0.007816558	-132.54875	0.7485293	0.0067478744	0.067	79.0	1280.5503101348877
133	122.904495	44.816425	209.11407	86.02634	942.2	12.551721	13.931658	83.64502	-3.7703435	670000	-9.155274e-09	77.951225	-0.0085872775	-31.496132	0.74931973	0.0051740464	0.0622	79.0	1289.3214588165283
134	130.97774	50.573746	212.88023	61.208336	807.8	12.189441	14.637055	87.437294	-5.0561824	675000	3.0517577e-09	60.516567	-0.0020782836	-37.85871	0.7542996	0.012328387	0.1138	5.0	1298.2510876655579
135	109.68706	22.50496	142.15195	87.221535	1000.0	11.434737	18.570171	94.43511	-8.701703	680000	3.6621095e-08	132.78018	-0.002589221	-121.85548	0.770493	0.0073885103	0.0778	6.0	1307.046100139618
136	111.567764	57.624283	198.75676	16.625534	708.1429	15.845018	22.679031	119.43298	-6.147535	685000	6.1035155e-09	592.61487	-0.008228806	-330.38437	0.66159624	0.0074270424	0.0646	79.0	1316.1019322872162
137	127.071106	48.106014	203.25452	78.42676	806.1667	9.6739645	10.763844	58.493595	-13.675609	690000	5.912781e-09	163.30046	-0.0055437637	-104.16949	0.7439968	0.011935624	0.132	79.0	1325.1057426929474
138	162.98344	52.21001	235.0639	73.06586	709.2857	14.1817	13.309425	70.6803	-7.7040067	695000	9.155274e-09	319.90063	-0.0034572785	-164.21565	0.6578179	0.015211098	0.1072	65.0	1333.0235159397125
139	124.5351	67.32379	198.9011	-15.883623	619.5714	19.025705	20.386105	144.38577	-19.094498	700000	-1.2207031e-08	156.92087	-0.008260455	-79.758415	0.6719815	0.016881973	0.0448	53.0	1340.8954107761383
140	125.77588	38.366627	173.12292	80.612854	850.4	19.320961	22.741724	184.57695	-20.066748	705000	1.8310548e-08	239.7402	-0.008134595	-183.61119	0.7253709	0.006659393	0.0924	79.0	1350.4004034996033
141	119.68307	36.601883	173.234	79.4759	831.8333	8.194617	14.575218	69.00015	-22.233118	710000	0.0	158.4286	-0.0067496947	-116.076675	0.77991986	0.011663394	0.0616	79.0	1358.7208468914032
142	153.664	49.217983	234.19954	97.5718	734.5	13.30488	18.05841	123.14438	-9.305533	715000	1.8310548e-08	97.02132	-0.0067630066	-34.51737	0.757922	0.006069899	0.0622	79.0	1366.9995210170746
143	154.51588	55.04834	230.80249	85.56064	723.0	17.243097	16.473713	81.966736	-5.9688067	720000	-2.4414062e-08	256.22784	-0.005963501	-100.94261	0.7144928	0.010424685	0.0462	79.0	1375.3366301059723
144	171.06935	38.833942	230.56241	109.43442	801.3333	14.422456	18.831755	95.99043	-7.868511	725000	1.2207031e-08	163.73375	-0.0059815366	-54.413788	0.64854646	0.016255679	0.1068	18.0	1383.3542597293854
145	158.29063	51.607193	222.09178	94.387505	701.1429	21.00155	19.85887	92.36666	-8.776161	730000	8.5449216e-08	378.49234	-0.004954248	-146.86244	0.60744023	0.007389715	0.0508	79.0	1391.7211561203003
146	129.56483	41.5859	202.95872	90.007904	891.0	11.968331	17.367039	95.74093	-12.054312	735000	-1.5258789e-09	73.32402	-0.007880372	-41.313347	0.6285223	0.013997241	0.1692	79.0	1400.4386796951294
147	152.53209	45.92578	223.72357	96.43814	800.1667	10.841773	16.578278	82.108154	-4.2143703	740000	1.6784668e-08	121.15025	-0.003989699	-44.155968	0.7220248	0.004862122	0.0362	79.0	1408.6624827384949
148	137.34671	43.472847	200.19295	81.40123	844.8	17.001778	18.060701	108.0791	-1.4155906	745000	3.2806398e-08	90.567	-0.009995457	-36.97381	0.645912	0.008233243	0.0578	79.0	1417.4913041591644
149	84.677986	82.34985	214.62807	-14.023013	716.5	14.982799	17.193888	86.25557	-4.596055	750000	1.3923645e-08	492.03906	-0.007578867	-257.59186	0.69767004	0.008306027	0.0664	79.0	1425.7969918251038
150	122.35968	32.642338	163.38556	82.69409	1000.0	5.1515007	13.782132	70.57434	-63.693115	755000	2.1743775e-08	62.343544	-0.0119012315	-50.52996	0.72834045	0.0068112547	0.04	79.0	1435.1212990283966
151	147.51512	42.017147	213.03671	102.681366	821.5	15.750257	19.380136	89.30185	-3.4986355	760000	-2.4414062e-08	155.5122	-0.0042581605	-37.87146	0.61630833	0.008564419	0.0886	79.0	1443.464450120926
152	111.52765	24.327541	131.34009	65.82011	1000.0	10.861855	12.615741	52.259766	-2.4677308	765000	-9.765625e-08	36.089695	-0.008684484	-28.225079	0.69192374	0.0066964203	0.0544	79.0	1453.6634390354156
153	151.61208	48.168472	215.90689	77.74676	725.6667	13.436175	18.799992	92.69014	-12.148103	770000	-1.5258789e-09	69.64924	-0.0063170246	-47.745667	0.7037383	0.009984473	0.083	79.0	1462.3091385364532
154	132.03548	79.6664	240.98758	-22.775845	739.6667	17.259907	22.688051	144.17082	-4.123435	775000	2.1362304e-08	434.0699	-0.0065140566	-246.52975	0.6899412	0.015107681	0.067	66.0	1470.2355301380157
155	115.52303	41.39184	168.78635	43.713085	903.6	8.757649	16.279087	101.23908	-5.6995068	780000	1.0681152e-08	36.663666	-0.008196278	-25.320276	0.6835102	0.008696406	0.096	79.0	1478.3636991977692
156	163.5285	45.63519	247.12016	110.21905	808.6667	14.15464	19.61758	109.06516	-8.067366	785000	-3.0517577e-09	137.69441	-0.0039543835	-97.21605	0.62248886	0.011361749	0.068	79.0	1486.3068704605103
157	87.83508	38.89232	141.72684	21.376825	849.0	16.520657	20.065977	135.02774	-4.7269006	790000	3.051758e-08	318.99997	-0.008546976	-238.81317	0.5818064	0.008493595	0.0974	79.0	1494.925120830536
158	143.31937	35.439354	197.103	80.36224	801.1667	11.203547	19.25829	155.78116	-23.808098	795000	0.0	52.459206	-0.011240426	-36.14716	0.6858423	0.0067752395	0.0656	79.0	1503.3650074005127
159	135.06557	44.603977	223.59543	85.11063	821.5	15.735188	21.122992	125.83805	-5.330193	800000	2.89917e-08	163.13426	-0.0061029196	-76.04825	0.58723366	0.0062288353	0.063	79.0	1511.7739520072937
160	134.03664	26.062658	181.78545	98.06159	817.1667	11.524905	18.06469	138.60817	-8.357492	805000	2.4414062e-08	210.4474	-0.010595319	-90.0728	0.62268114	0.018288925	0.0902	37.0	1520.6162502765656
161	176.62985	53.83911	245.11647	85.59381	615.0	18.288181	18.939026	92.147285	-12.337219	810000	1.2207031e-08	216.76225	-0.0072157835	-78.39743	0.6468007	0.002893752	0.0336	79.0	1528.9353730678558
162	119.81643	41.420563	186.36989	78.897415	785.6667	15.701372	15.589274	97.43398	-2.446608	815000	1.8310548e-08	67.179634	-0.0075677456	-35.927742	0.65940887	0.015206521	0.0918	26.0	1537.689617395401
163	160.27225	56.521378	247.91164	92.83579	649.2857	19.062147	23.563675	106.68473	-8.697808	820000	6.1035155e-09	110.23543	-0.005743335	-54.677685	0.6735499	0.006483121	0.07	79.0	1545.9385857582092
164	166.89824	40.433895	222.28181	108.46338	698.8333	18.77829	18.399586	77.75533	-2.1673985	825000	3.6621095e-08	109.45606	-0.0072711306	-54.1682	0.71380067	0.0078836605	0.0982	79.0	1554.2759537696838
165	195.29129	44.79836	260.21625	135.1209	583.375	26.98374	23.658964	114.094124	-6.355594	830000	1.8310548e-08	295.913	-0.007115055	-98.17125	0.6691703	0.010260045	0.0738	79.0	1562.3423025608063
166	134.59258	53.881615	236.3097	84.78672	868.6	14.645721	17.174942	98.37769	-0.43196607	835000	-1.5258789e-09	73.60663	-0.00763131	-27.239216	0.69798905	0.0047742194	0.0588	79.0	1571.1716930866241
167	118.69757	56.4588	170.54785	-2.985194	805.8333	15.505338	24.244598	160.2203	-3.3423293	840000	4.577637e-09	388.5377	-0.0075264038	-306.19473	0.669069	0.008978915	0.049	79.0	1579.3095118999481
168	92.14987	70.8108	179.25934	-18.615454	706.8333	14.262965	20.504261	89.03123	-18.564219	845000	2.0599366e-08	385.2753	-0.012529065	-184.50145	0.65972775	0.014407452	0.0846	79.0	1588.9942152500153
169	102.93628	17.342146	128.84502	81.05106	1000.0	9.350789	10.891157	56.21032	-28.187426	850000	-6.1035155e-09	73.90533	-0.008360113	-61.334534	0.6474981	0.0046335924	0.1266	79.0	1597.9569396972656
170	160.66417	39.452896	207.35089	110.1281	645.1429	9.351063	16.144957	101.2682	-50.602768	855000	0.0	378.09146	-0.004583887	-283.1801	0.63114464	0.0072852015	0.0654	79.0	1606.4494638442993
171	120.44369	33.037025	158.41664	77.10797	1000.0	15.051401	18.637207	89.13231	-6.318932	860000	-1.2207031e-08	115.3279	-0.01051593	-94.15004	0.7061331	0.012319745	0.1462	79.0	1615.5556225776672
172	171.96526	50.254543	232.00037	71.57898	683.1429	17.272968	26.173372	131.89029	-8.107212	865000	-1.6784668e-08	199.18634	-0.006985002	-103.002785	0.62420154	0.008831151	0.1188	79.0	1623.5435490608215
173	148.74089	69.90513	231.11943	18.391806	655.7143	19.209415	19.82924	68.10177	-3.9845743	870000	2.670288e-09	358.66006	-0.007981814	-114.1328	0.6402955	0.008250637	0.1004	79.0	1632.082640171051
174	176.20438	41.664516	254.13535	128.93086	593.4286	20.166166	22.310732	122.76662	-14.605539	875000	2.2888184e-08	135.80353	-0.007204921	-39.827362	0.61221355	0.006593389	0.0648	79.0	1640.0507469177246
175	142.59895	37.61584	215.29102	111.27674	889.6	13.672619	19.833057	70.18285	-6.6923823	880000	5.912781e-09	32.26052	-0.0021182755	-12.4165745	0.6481998	0.013130815	0.1652	5.0	1648.4106533527374
176	156.18315	53.927334	248.21729	107.22872	818.1667	13.497453	19.919107	99.46009	-5.7714467	885000	-3.8146972e-08	133.76842	-0.0060552843	-38.346977	0.63466096	0.007145952	0.059	79.0	1656.7743256092072
177	137.97188	91.8	233.42487	-65.88613	638.2857	18.688417	23.05734	113.72862	-11.573676	890000	-3.6621095e-08	445.3826	-0.0057676267	-174.8935	0.6148428	0.0070737717	0.0706	79.0	1665.0960755348206
178	129.38145	74.91514	223.11984	-4.432107	964.2	26.923206	41.16599	172.38486	-9.065018	895000	-6.103516e-08	2373.094	-0.005213605	-2252.8865	0.54753363	0.0006410956	0.0408	79.0	1673.5023214817047
179	163.48181	49.033897	244.12265	109.59525	811.5	13.714717	20.018896	76.60002	-14.06761	900000	2.1362304e-08	73.38966	-0.008030289	-45.78286	0.6094968	0.0015838507	0.0248	79.0	1682.780839920044
180	159.98267	49.872066	227.57822	92.2967	695.8333	12.423753	22.57309	129.004	-23.607494	905000	1.373291e-08	212.61642	-0.0049044965	-153.13531	0.5869317	0.008901965	0.057	79.0	1690.9931585788727
181	184.5854	43.38891	266.767	118.52864	586.7143	23.616503	25.05822	127.898315	-2.0471535	910000	2.4414062e-08	203.33725	-0.00439718	-46.399048	0.57357293	0.0041294764	0.04	79.0	1699.070910692215
182	138.10161	57.490253	228.03223	27.15169	711.0	14.821478	19.39829	68.18213	-4.2247887	915000	1.2207031e-08	293.2784	-0.0055816635	-118.37875	0.6318134	0.017290765	0.199	14.0	1706.772139787674
183	76.41021	144.40118	204.98433	-259.37973	647.8571	27.931593	21.289827	97.48537	-9.491778	920000	0.0	1719.2694	-0.0044673705	-1202.1785	0.58163226	0.008027636	0.0676	79.0	1714.9247403144836
184	78.07593	147.44968	174.46948	-247.88292	730.6667	7.3372545	26.929325	106.68861	-188.913	925000	-6.1035155e-09	560.9122	-0.0108076595	-192.92426	0.626169	0.007361993	0.1106	79.0	1722.7334568500519
185	156.2686	42.18371	229.38184	95.122406	682.5	14.888713	21.723917	103.96639	-54.299465	930000	-3.671646e-09	254.01656	-0.005750373	-202.02406	0.49394596	0.0062487656	0.0732	79.0	1731.2088215351105
186	171.56665	80.60131	259.48877	-25.938707	562.625	19.205872	27.409824	105.23335	-118.633644	935000	-1.2207031e-08	464.942	-0.00714599	-186.05319	0.5278163	0.0075636217	0.06	79.0	1738.284744977951
187	111.796196	65.54327	171.1897	-14.402375	781.1667	23.07674	17.257622	98.716125	-2.1089196	940000	2.9754638e-08	361.8813	-0.006482183	-253.07451	0.58776104	0.010425298	0.1302	79.0	1747.2954189777374
188	158.93398	58.034977	239.06903	106.84681	766.5	10.912946	20.607876	102.53301	-9.015062	945000	-9.155274e-09	129.19177	-0.007803708	-89.26139	0.58324355	0.008935445	0.0688	79.0	1755.4457008838654
189	114.15392	53.376648	218.7321	43.929115	696.0	15.552952	23.227345	88.67339	-6.173653	950000	0.0	385.57922	-0.0071561034	-244.04094	0.5641025	0.0032168762	0.0394	79.0	1764.2604084014893
190	159.91687	65.48634	226.16237	28.37801	611.0	25.625288	24.060743	116.44056	-10.885837	955000	-1.3351441e-08	862.559	-0.006704422	-469.678	0.54748535	0.008580638	0.0688	79.0	1772.8584561347961
191	176.51846	41.30221	220.75357	98.94556	555.125	24.38365	22.959146	127.40506	-11.796155	960000	6.1035155e-09	442.3375	-0.005837604	-230.22424	0.59568137	0.006100278	0.0758	79.0	1780.4008738994598
192	155.3225	35.499634	194.20322	94.1103	711.7143	15.708869	18.31379	88.78764	-5.114985	965000	-2.4414062e-08	137.0988	-0.001713562	-64.429955	0.5612957	0.025693225	0.2772	3.0	1788.3221447467804
193	172.81018	85.77456	244.92567	-28.466322	600.5	20.794445	20.868362	103.58411	-36.953407	970000	1.2207031e-08	629.2871	-0.009129727	-201.4075	0.55106604	0.011314174	0.107	79.0	1795.716549396515
194	159.86702	46.376564	227.26741	88.79764	648.5714	34.154945	29.802944	115.415146	-5.806302	975000	-2.4414062e-08	1232.1245	-0.005540625	-973.48303	0.519163	0.0032156375	0.1106	79.0	1803.0417039394379
195	171.08546	69.33094	282.02036	101.725365	827.5	15.276875	20.897766	107.48456	-4.0970573	980000	-3.0517577e-09	243.3378	-0.005421014	-55.423798	0.5625542	0.0070889634	0.0762	79.0	1811.4565978050232
196	130.44882	53.237858	212.59595	80.90341	778.3333	16.778547	15.597558	74.34905	-11.609513	985000	1.8310548e-08	127.34325	-0.003250879	-58.31185	0.58992666	0.015305179	0.1894	3.0	1819.8247323036194
197	180.13417	56.63634	264.903	80.68721	636.1429	15.04608	22.726236	91.13348	-27.923147	990000	9.155274e-09	333.07022	-0.0040671844	-136.85733	0.56032246	0.0068749846	0.0738	79.0	1827.7376072406769
198	158.38922	53.806274	214.09422	86.66887	744.8333	26.122229	16.647022	91.60168	-3.6834707	995000	-2.4414062e-08	439.5432	-0.0036301208	-208.40881	0.45077157	0.007278833	0.0946	79.0	1835.852772951126
199	141.25157	56.05946	228.32086	84.94163	773.0	15.812531	21.177135	99.38319	-8.672864	1000000	-9.155274e-09	102.54488	-0.00594144	-14.84301	0.5401838	0.0063824193	0.038	79.0	1844.0981616973877
200	166.55058	57.74002	254.606	81.706795	780.3333	17.509869	22.947182	91.0785	-6.800472	1005000	4.577637e-09	37.04897	-0.007693883	-13.9440365	0.5646343	0.0034064534	0.032	79.0	1852.6868362426758
201	173.0978	54.953243	244.05086	109.53038	678.3333	11.886293	20.13132	65.49613	-12.296583	1010000	-1.6784668e-08	274.78766	-0.0050884443	-118.38965	0.5722585	0.008460696	0.0662	79.0	1861.1800928115845
202	162.63762	61.781265	228.20969	39.02756	625.2857	17.889019	23.810183	117.17039	-11.298571	1015000	2.1362304e-08	263.229	-0.0081792325	-137.43909	0.5889063	0.015357674	0.0688	72.0	1869.0946176052094
203	171.3416	67.85993	281.14185	76.7975	655.2857	25.564259	22.974497	102.73296	-4.085411	1020000	-1.2207031e-08	267.894	-0.00421908	-109.15544	0.58179533	0.016222458	0.173	20.0	1876.831570148468
204	140.87823	85.850334	262.83286	-14.963756	639.4286	15.035727	25.284382	92.49895	-20.831457	1025000	-6.1035155e-09	416.8106	-0.0015479615	-183.8179	0.5809401	0.012420863	0.155	4.0	1884.8471693992615
205	181.50523	41.85255	228.48257	103.503075	667.0	16.711273	23.986292	124.56963	-5.071935	1030000	1.8310548e-08	78.294	-0.0071509033	-37.97271	0.5565938	0.003170446	0.0326	79.0	1892.3992004394531
206	188.7793	40.543324	251.2474	115.64348	504.44446	23.937363	24.885672	100.12293	-7.013683	1035000	1.0681152e-08	238.06454	-0.0048467666	-58.288147	0.55651873	0.0067498344	0.0782	79.0	1900.0762491226196
207	125.242905	32.096394	188.7062	102.13364	867.4	24.101774	28.271952	146.24268	-8.154872	1040000	-1.2207031e-08	742.17816	-0.004275183	-647.9426	0.5446921	0.0016193007	0.0264	79.0	1908.255245923996
208	147.4217	41.597107	184.28041	65.731476	682.3333	16.814991	21.362963	95.52574	-6.7911525	1045000	3.967285e-08	166.58676	-0.0064226226	-121.277985	0.51759464	0.016068717	0.0582	46.0	1916.255785226822
209	171.9967	49.85345	230.13832	110.969696	645.8571	15.7250185	21.227182	94.74391	-12.466509	1050000	-7.629395e-09	344.1418	-0.0019119193	-209.9914	0.54433566	0.019630494	0.1856	5.0	1923.5056059360504
210	156.95836	42.78117	238.31316	116.05993	861.6	8.29172	25.431728	126.46202	-19.701273	1055000	-6.713867e-08	71.20342	-0.008097486	-59.730946	0.572673	0.009713189	0.0702	79.0	1932.473664522171
211	184.60555	63.402905	295.3795	92.25523	709.4286	20.119703	24.287281	106.79301	-6.345201	1060000	8.5449216e-08	269.15103	-0.004291895	-66.87456	0.44719502	0.0057266727	0.041	79.0	1940.1430656909943
212	191.89397	46.038998	264.8069	125.74403	589.5714	19.848028	26.609634	113.860504	-10.661797	1065000	1.525879e-08	241.87575	-0.005940735	-145.90865	0.5554464	0.0094287	0.0618	79.0	1947.8137052059174
213	133.14714	78.56362	248.89812	15.3287325	699.1667	21.60635	20.518482	92.32801	-3.916196	1070000	-1.8310548e-08	404.6765	-0.0059940033	-163.50682	0.5462421	0.0051833014	0.1132	79.0	1956.4668936729431
214	184.41641	70.50304	278.89764	-11.522286	446.9091	23.70415	26.290901	147.78842	-16.983923	1075000	1.2207031e-08	481.3934	-0.006932727	-183.2565	0.54205835	0.012850897	0.0738	79.0	1963.1722633838654
215	196.81534	42.75183	259.92172	137.32417	684.2857	33.19335	24.326336	116.1072	-0.7743128	1080000	-3.0517577e-09	406.74646	-0.006255197	-182.76956	0.43295822	0.005824279	0.122	79.0	1971.0797333717346
216	114.59812	26.421103	165.5758	89.26781	882.8	18.317883	22.960112	117.2298	-5.3649206	1085000	2.4414062e-08	235.59683	-0.008095468	-169.37604	0.5522247	0.011109325	0.0812	79.0	1979.2022950649261
217	169.51547	41.45503	253.44107	113.22466	707.4286	14.516005	23.357546	114.82528	-20.952051	1090000	1.8310548e-08	167.34203	-0.0028879212	-114.51632	0.5605601	0.021865578	0.3036	7.0	1986.4347276687622
218	173.33755	63.034744	276.60205	51.32467	611.375	20.732382	28.8523	109.64889	-9.510363	1095000	-1.2207031e-08	441.11285	-0.007126703	-170.29617	0.58459836	0.0058377087	0.0438	79.0	1994.6818969249725
219	114.01681	150.78717	260.1922	-236.35799	617.5714	21.490255	26.667614	223.58435	-5.224432	1100000	2.746582e-08	2087.5537	-0.00493855	-1379.5962	0.5978261	0.0044552763	0.0384	79.0	2002.8798921108246
220	151.05574	37.79229	187.40108	91.57777	672.0	10.342419	23.199053	104.88049	-154.72656	1105000	-6.1035155e-09	340.58804	-0.002408667	-255.50945	0.5797869	0.0166618	0.3018	7.0	2011.0774240493774
221	92.83045	78.52748	191.68597	-36.542583	612.0	20.061718	21.97333	102.57233	-64.68833	1110000	1.8310548e-08	610.5734	-0.009110852	-354.88135	0.5743661	0.007443972	0.0638	79.0	2018.7154817581177
222	153.24454	49.491444	236.80864	74.65342	587.2857	11.214821	19.335379	91.59107	-48.077793	1115000	6.1035155e-09	291.86047	-0.00906558	-170.73244	0.4974125	0.006727895	0.0466	79.0	2026.4701118469238
223	103.452034	144.04404	206.42867	-242.51964	693.7143	20.429321	25.021288	163.37924	-8.468541	1120000	2.4414062e-08	1509.9502	-0.012254538	-1065.0474	0.508846	0.005856402	0.032	79.0	2034.596526145935
224	163.21826	74.06987	295.17203	24.323475	588.375	14.617684	22.195925	78.71036	-35.336403	1125000	0.0	521.5635	-0.007874768	-202.53513	0.5139817	0.0048995977	0.046	79.0	2042.1316294670105
225	157.74191	58.03241	221.4987	47.996197	621.875	20.74527	22.52327	92.00722	-3.4400852	1130000	2.4414062e-08	322.73193	-0.005900473	-49.855316	0.42225748	0.0032643508	0.0358	79.0	2049.8513181209564
226	119.73304	73.48559	236.81274	2.6829865	597.0	15.097754	22.860723	89.360756	-21.151125	1135000	1.2207031e-08	397.27335	-0.007433478	-118.934875	0.534798	0.0070871497	0.0724	79.0	2057.673747062683
227	172.30339	65.94051	283.0042	90.71391	766.3333	10.122487	20.282558	83.617676	-11.383264	1140000	1.2016296e-08	289.70547	-0.007903025	-209.18457	0.45368955	0.00815386	0.1166	79.0	2065.98503613472
228	154.83516	62.356236	228.0525	59.324245	672.8333	17.450226	20.47317	90.27813	-11.623976	1145000	-2.4414062e-08	284.0397	-0.005417322	-130.26463	0.543849	0.011049636	0.0748	79.0	2074.4822421073914
229	148.24727	68.35411	240.49306	6.6797795	448.72726	27.880413	24.046663	110.23039	-15.134152	1150000	1.2207031e-08	574.69336	-0.007241089	-190.51486	0.53411484	0.013252408	0.073	79.0	2083.6653139591217
230	94.49163	67.74462	172.71771	-3.3115213	786.6667	11.937896	19.561283	99.57003	-10.690627	1155000	0.0	311.26678	-0.007492761	-183.13069	0.5958344	0.008654415	0.1862	79.0	2093.8452532291412
231	160.5875	84.131485	246.9327	-12.612153	503.125	18.606785	25.382479	98.89893	-24.060343	1160000	-2.1362304e-08	619.8194	-0.0033786101	-290.93784	0.49170175	0.0034810524	0.0502	79.0	2103.215038537979
232	100.3902	82.6222	231.79813	-3.0927067	568.0	17.028112	25.553658	159.04057	-15.934088	1165000	-3.3569336e-08	458.99744	-0.007075769	-249.1999	0.54206324	0.008006221	0.0674	79.0	2111.8541643619537
233	158.04028	52.37389	203.0033	21.29661	462.33334	13.642547	22.615877	90.65136	-36.98823	1170000	4.8828124e-08	525.5012	-0.005085626	-431.80814	0.4692578	0.01287077	0.1116	79.0	2119.418215751648
234	122.20971	127.06738	273.2477	-146.92053	407.0	29.08341	28.223978	147.80898	-11.400152	1175000	1.8310548e-08	1812.8289	-0.011729792	-1193.812	0.53622144	0.015756685	0.058	69.0	2126.9970989227295
235	147.25584	113.642715	236.98058	-162.1953	431.18182	19.774277	25.30158	92.94904	-46.27058	1180000	-1.0681152e-08	1075.3114	-0.006784114	-531.4169	0.49228534	0.0073417258	0.1182	79.0	2134.844314098358
236	174.39128	70.375595	269.95883	97.90696	749.8333	23.141111	23.289509	90.64738	-5.030099	1185000	7.629395e-09	288.18726	-0.010904757	-193.62042	0.5359032	0.00974892	0.074	79.0	2142.7244753837585
237	146.08165	54.264603	231.13	52.812958	590.0	19.004759	25.52369	94.33647	-66.976	1190000	2.746582e-08	324.36725	-0.0069309785	-251.37875	0.47126317	0.0064700507	0.0478	79.0	2150.5238387584686
238	104.185234	84.15998	214.03723	-26.096703	636.1429	29.091238	36.062267	137.44942	-27.616951	1195000	-3.0517577e-09	1409.1964	-0.006971504	-1040.9991	0.48814112	0.0040841405	0.0942	79.0	2158.2494390010834
239	131.39383	44.63143	174.04669	44.021843	693.5714	9.441902	21.686514	78.04461	-87.62651	1200000	1.5258789e-09	404.5161	-0.0030980862	-315.0324	0.5307103	0.014062569	0.3182	6.0	2165.6417632102966
240	159.76253	41.515503	215.94803	83.84164	703.1429	12.902114	22.2286	89.72592	-20.584122	1205000	2.4414062e-08	282.99173	-0.0047240905	-119.04654	0.5435154	0.004950262	0.0472	79.0	2174.3826735019684
241	152.73558	67.29185	231.39432	26.354416	598.4286	21.013432	28.316298	112.79742	-15.510823	1210000	-3.6621095e-08	337.1223	-0.009285242	-128.01686	0.5338401	0.0069980705	0.0874	79.0	2182.160130262375
242	129.98482	48.79119	183.49484	45.481018	701.8571	10.905434	26.133856	93.90192	-21.927904	1215000	-1.2207031e-08	215.6781	-0.007105536	-99.085175	0.5125834	0.008303058	0.0822	79.0	2189.9018120765686
243	174.12383	63.547832	287.27997	74.115204	762.5	15.444223	21.554317	98.72096	-17.321098	1220000	6.1035155e-09	329.66852	-0.005889392	-127.70982	0.42012948	0.0071976935	0.092	79.0	2197.440620660782
244	182.10054	47.01144	249.79738	110.118546	606.875	19.06489	24.515987	101.506905	-14.910704	1225000	-2.4414062e-08	360.851	-0.006991037	-64.935974	0.42161256	0.007834002	0.0962	79.0	2204.9927554130554
245	157.28236	62.690838	236.27449	78.08701	712.5714	17.833921	21.173628	122.02155	-13.414199	1230000	2.4414062e-08	210.57837	-0.0090898005	-152.89772	0.6833098	0.015608963	0.0794	54.0	2212.411249399185
246	146.408	76.01847	270.24158	30.411741	472.8	26.175875	33.229218	119.59237	-19.764908	1235000	-6.1035155e-09	511.2397	-0.0075481264	-293.27246	0.5825394	0.005057662	0.0472	79.0	2219.4306297302246
247	140.83719	78.59257	233.69002	-26.264536	551.0	22.398928	26.301283	101.39823	-41.346092	1240000	1.8310548e-08	503.3247	-0.0054346067	-179.93271	0.5563928	0.01708948	0.1698	8.0	2226.711764574051
248	201.43681	69.93961	301.8222	130.60028	753.3333	16.368118	22.920925	99.87182	-22.52061	1245000	-2.4414062e-08	596.24725	-0.007982703	-428.65112	0.5346799	0.008784285	0.1212	79.0	2234.555405139923
249	177.21301	54.23333	239.84578	105.04814	608.0	11.961016	25.58575	92.276955	-18.208937	1250000	4.8828124e-08	261.4633	-0.0041941283	-118.804184	0.44475707	0.0066044326	0.0492	79.0	2242.872514486313
